# Frame list with one line of data per frame:
#   FRAME_ID, RIG_ID, RIG_FROM_WORLD[QW, QX, QY, QZ, TX, TY, TZ], NUM_DATA_IDS, DATA_IDS[] as (SENSOR_TYPE, SENSOR_ID, DATA_ID)
# Number of frames: 100
1 1 0.090811478868467368 -0.038415266436131724 0.61326713068350769 0.78369698802125087 -0.10792105075332926 -1.4778025085296327 1.9864979123703037 1 CAMERA 1 1
2 1 0.22138066233935125 -0.105875287816746 0.75687130455608409 0.60574487543146649 0.070955596757006675 -2.3668018002848696 2.8768488630181808 1 CAMERA 1 2
3 1 -0.17091253968773434 0.022768038101349839 0.74308692703872126 0.64660060244532291 -0.38100401843837362 -2.3331224184544164 2.8710815767802829 1 CAMERA 1 3
4 1 0.70837705439147136 -0.14148432687876955 0.4751917048778232 0.5023713543531636 0.55317748583684723 -2.0174808707638938 2.5052221026036547 1 CAMERA 1 4
5 1 0.72371747801810005 -0.24098484445701304 0.50169418927784892 0.4079978642076354 0.57571147523260047 -2.4452144246742211 3.1371758933630178 1 CAMERA 1 5
6 1 0.96628072079733984 0.22747022548049936 0.06431957562663615 0.10208749838463914 0.33737999946096736 -0.7201872819371935 1.6800856254826702 1 CAMERA 1 6
7 1 0.1296987758765383 -0.062936641116067837 0.71738445130617856 0.68159867646973038 -0.052013651236181048 -2.0923092424789043 2.5081331831311298 1 CAMERA 1 7
8 1 0.38966965711784768 -0.18862794779403508 0.73863837176937375 0.51671114888548531 0.29313905010836216 -2.5412143582389777 3.2322446783711909 1 CAMERA 1 8
9 1 0.97117765212224161 -0.22416476781318959 0.074055380766106668 0.032862219480371241 0.29246467163419787 -2.5827783654154115 3.3281109127563213 1 CAMERA 1 9
10 1 -0.35403495992446449 0.020554749450318099 0.58816674729238783 0.7268401659277024 -0.52310457280642864 -1.8278144050519363 2.3088473555336231 1 CAMERA 1 10
11 1 0.94394856167908192 0.12064593953246434 0.15010379856902137 0.2680942368524028 0.49397613568451376 -1.0732184884212941 1.8272538143778023 1 CAMERA 1 11
12 1 0.050700983900825648 -0.017465319196049149 0.3181746588815455 0.94651426788109261 -0.16586880321180433 0.31940352668173672 1.5882071178615071 1 CAMERA 1 12
13 1 -0.049513041242669448 -0.011578276626416664 0.80622885081955076 0.58941449113798539 -0.25696846576130883 -2.5239817466123675 3.1853052997229359 1 CAMERA 1 13
14 1 0.6129854269339422 -0.12405835426712145 0.52854613198735356 0.5740186211825824 0.48582666568061467 -1.9070227393901156 2.3754737760489562 1 CAMERA 1 14
15 1 0.89054875778930431 -0.32318039027428208 0.26619448419251202 0.17781406560666757 0.50136472548012256 -2.6817803211191791 3.7462395761975822 1 CAMERA 1 15
16 1 0.56742162299608356 -0.23610270081354687 -0.64912175427905483 -0.4482512292751929 -0.58143600769323867 -2.7161440484096699 4.0231858854562077 1 CAMERA 1 16
17 1 0.97730216630105882 0.20974155809648679 0.023953246454273415 -0.017753775227156991 0.2080232376290756 -0.91342751139475642 1.7259749893848411 1 CAMERA 1 17
18 1 0.48071500833488845 -0.081691147682537366 0.55461154869761653 0.67427417806344125 0.35540434705226315 -1.6064509543640193 2.0994623583644194 1 CAMERA 1 18
19 1 0.56744471135362462 -0.10475572617421616 -0.56258305559981903 -0.59205831042430723 -0.58755469884724254 -2.3169192880570919 2.9065935338687412 1 CAMERA 1 19
20 1 0.15152803921062424 -0.062526433850802046 0.69137838136146601 0.70365164121807056 -0.02762658849700813 -1.9560519237593776 2.3663688647402736 1 CAMERA 1 20
21 1 0.86446297126855498 -0.3361047128590991 -0.28509458719694647 -0.24178186377486344 -0.22344061838099208 -2.7849967596726026 4.214015818255529 1 CAMERA 1 21
22 1 0.72715300623857004 -0.25726959466196392 -0.49306336806262469 -0.40242934318389323 -0.49497578415065219 -2.7136157300623949 3.8944542838360166 1 CAMERA 1 22
23 1 0.45495144581409003 -0.17659295162906563 0.67890299530120635 0.54856616224267218 0.35260522227353025 -2.3681104792169463 2.9183804601078247 1 CAMERA 1 23
24 1 0.38518617028801727 -0.080294563465159646 0.59671486400336593 0.69936812078778277 0.24800606458382365 -1.6587957088259744 2.1342097954890296 1 CAMERA 1 24
25 1 -0.48291888277264367 0.14964594588464006 0.67125528671153922 0.54204407902284335 -0.57862627723970161 -2.5788751978643387 3.4424175246578792 1 CAMERA 1 25
26 1 0.011427661720605092 -0.031208303318400292 0.65655012961704895 0.75354985080711312 -0.19574671251409065 -1.7445845345548532 2.1840825509290398 1 CAMERA 1 26
27 1 0.60375936772729244 -0.14070942659296948 0.54765245569350163 0.56191838457403676 0.48082534684339767 -2.0142650057749738 2.4818857495416689 1 CAMERA 1 27
28 1 0.27883430060120556 -0.00065612124311973286 0.43509126755615102 0.85612300004703334 0.10652323773852077 -0.44021650199629098 1.5976467062907374 1 CAMERA 1 28
29 1 0.34501705196457805 0.054124303691615978 0.30920979322327385 0.88454683164792902 0.19116618431039903 0.29698886973440974 1.5870107632075849 1 CAMERA 1 29
30 1 0.50665490347056452 0.01893456910802585 -0.45271573979201202 -0.73347852717478912 -0.57999069182767005 -1.4390876989696126 2.033497570178243 1 CAMERA 1 30
31 1 -0.001857383300442002 -0.030848815851462524 0.81978920593467552 0.57183088279738092 -0.20081213640411572 -2.566287368308763 3.2683846268390306 1 CAMERA 1 31
32 1 0.88909225713472473 -0.31940020858011264 -0.24147427452077844 -0.22178512079651475 -0.16948496123030385 -2.7783404253870421 4.0769445219690068 1 CAMERA 1 32
33 1 0.88556530818089896 -0.40442709075695099 -0.17440125126127604 -0.14763812775445173 -0.048887077603715301 -2.7909365535080024 4.5472746384275142 1 CAMERA 1 33
34 1 0.99862445671351596 0.038265823028527789 0.015105813960466201 -0.032507470313397839 0.19091580820711126 -1.7594115511677151 2.1956228998556893 1 CAMERA 1 34
35 1 0.37957256513011506 -0.18856106523251828 0.7461912449128284 0.51338875961045938 0.28366171423755371 -2.5580547133921892 3.2683068933614154 1 CAMERA 1 35
36 1 0.99066760689431632 0.10671226766331381 -0.0093836268259545434 -0.084274148634281718 0.1278898595419255 -1.4707417240843654 1.9866203161971077 1 CAMERA 1 36
37 1 -0.056056418537367737 -0.016588995113242289 0.70887781323363119 0.7029044949970098 -0.2675736123721435 -2.0653159400589423 2.4988319752480419 1 CAMERA 1 37
38 1 0.93609476286943394 -0.14006271116991595 0.22689598311809808 0.22940628743132307 0.50544785218278365 -2.2288944013897689 2.7496293698418603 1 CAMERA 1 38
39 1 0.97750714393505844 -0.024881502862485826 -0.091885478188374392 -0.18819605008958867 -0.024420733359347874 -2.0677455835219973 2.4770550608604913 1 CAMERA 1 39
40 1 0.55569384855917903 -0.17038077466417129 0.60300210544611443 0.54640936954437203 0.44697604447085287 -2.2173558506260007 2.7143469574846746 1 CAMERA 1 40
41 1 -0.10117139739682963 -0.023986462426329895 0.5702443058132135 0.81486835111976796 -0.31459386070897249 -1.3109303280056772 1.9092818130844023 1 CAMERA 1 41
42 1 -0.47328063844243168 0.037154336734492269 0.54914159998763179 0.68779974970943991 -0.57432281549639208 -1.9197164400499491 2.409204323375592 1 CAMERA 1 42
43 1 0.62276903686349327 -0.09970662367975712 0.50274255613529184 0.59115754090517481 0.48829392787760623 -1.7466418739921199 2.2366872749960098 1 CAMERA 1 43
44 1 -0.020937675160409314 -0.031550596785147246 0.42660385024183445 0.90364557684980729 -0.2415671765906727 -0.36934512538750697 1.5986394505027433 1 CAMERA 1 44
45 1 0.9423053282680679 -0.21837995174884645 0.19686680316694613 0.1600447649959445 0.45464837594230467 -2.4990898409527098 3.1888334371103984 1 CAMERA 1 45
46 1 0.72457806284973691 0.022682293659442136 -0.34413585111529782 -0.59669310400608699 -0.53447900101795476 -1.6364941061791125 2.1550568482196737 1 CAMERA 1 46
47 1 0.42412991665341759 -0.1297678762957688 0.64840686724767915 0.6187427951801151 0.30483584142256681 -2.0888941492563542 2.528435456100353 1 CAMERA 1 47
48 1 0.85408756701865207 -0.40251703818040574 0.28909937308600536 0.15791141288682101 0.5076000498621871 -2.7479936867053163 4.2354999963329085 1 CAMERA 1 48
49 1 0.029758030817026316 -0.028515645823410218 0.50491341168395421 0.86218545815087644 -0.18071312527845035 -0.82296757915466412 1.694374012642011 1 CAMERA 1 49
50 1 0.53209224800184773 0.026509522025971427 0.39102217747168766 0.75051764908201513 0.39821670566125339 -0.57817644244307287 1.655146770197246 1 CAMERA 1 50
51 1 0.7457630478538998 0.18510375345611133 0.204913973664995 0.60628734137283691 0.57326806338095648 0.047990722412676198 1.6234410784847502 1 CAMERA 1 51
52 1 0.64499399982704808 0.065251998486760651 -0.34164611345290241 -0.68044312770658244 -0.57505398138306174 -1.236854272806021 1.9195525928812893 1 CAMERA 1 52
53 1 0.61460806701891257 -0.085357479107475084 -0.51069332190430439 -0.59511625391854295 -0.58026807170134043 -2.2052406047544175 2.7384162576137157 1 CAMERA 1 53
54 1 -0.26509936771595416 0.075949201540430833 0.77187800060647105 0.57285111172252201 -0.46564057124044511 -2.566106820219765 3.3508219446327283 1 CAMERA 1 54
55 1 0.52836195495745242 -0.20790822947569676 0.64978013667226453 0.50536480551775009 0.43422296103252589 -2.4358950993169048 3.0591226121244621 1 CAMERA 1 55
56 1 0.77263639065426082 -0.29121264735498231 -0.44014979512472113 -0.35284041677353989 -0.43046247212704492 -2.7485087847209164 4.06577836161867 1 CAMERA 1 56
57 1 0.71714522342190024 0.10709995080152047 -0.27245754403431399 -0.63245491203741511 -0.53291610325017902 -1.0823601372142606 1.8376325645383182 1 CAMERA 1 57
58 1 0.79923670041902817 -0.33002607566784625 0.41727767441680425 0.2796119248456499 0.58317351256537764 -2.6596131899200617 3.7281627529907198 1 CAMERA 1 58
59 1 0.98248697826542442 -0.0043230018165870878 -0.074688292564549702 -0.17065259490544377 0.0015092574455956664 -1.9837433425527917 2.3890416049498877 1 CAMERA 1 59
60 1 0.31212159762560332 -0.11474458043994097 0.70020380109501323 0.63176611691938522 0.17581424748810812 -2.1748047771012304 2.6169002518486697 1 CAMERA 1 60
61 1 0.24162521665843303 -0.040196081204580944 0.55919489456674731 0.79202436807275356 0.068309984927669293 -1.2105427002230358 1.8375621712634675 1 CAMERA 1 61
62 1 0.32072200240980991 -0.076049413209522965 0.62022894682766261 0.71180751431674116 0.17229348045359402 -1.6957194008865413 2.1539384481568722 1 CAMERA 1 62
63 1 0.95002288705047355 0.26317953212433814 0.073766989197689342 0.15083593489552038 0.38035299278913015 -0.46623667530859336 1.6284905055939256 1 CAMERA 1 63
64 1 0.82326487591207653 -0.042922164006227941 -0.31354348537111454 -0.47125695189336936 -0.43205141056375712 -2.0681920943825092 2.5263754031373584 1 CAMERA 1 64
65 1 0.75081993837605154 0.16198332542865318 -0.21088572605843317 -0.60461395366371162 -0.49519145358478772 -0.79940321132818437 1.7244567419675783 1 CAMERA 1 65
66 1 0.27393338998310202 -0.018452119210591179 0.48873641569307147 0.8281043008730804 0.10144289760580953 -0.78334946296331842 1.6767701761995106 1 CAMERA 1 66
67 1 0.89201332174350734 -0.17028276318604096 -0.26841174581961474 -0.32135828774112474 -0.27600170324783435 -2.5390526264851232 3.2183681264936266 1 CAMERA 1 67
68 1 0.47512541921576479 -0.12463380184965028 0.61084777202273632 0.62095672221693921 0.35871310798023093 -1.9814881330867082 2.4239158631975584 1 CAMERA 1 68
69 1 0.88377451654257511 -0.41068137830539386 0.20115052312675311 0.09910538062564174 0.42960696424261913 -2.7638824818646635 4.3285042583200912 1 CAMERA 1 69
70 1 0.023722276455180481 -0.041282622803036254 0.81245530401247468 0.58107605150813413 -0.17049200131203701 -2.5348910766321522 3.1942769658365875 1 CAMERA 1 70
71 1 0.9810219869050576 -0.1876185927108204 -0.0053213693710209122 -0.0486498500108829 0.17037288082234672 -2.5369284620240444 3.1951623655376404 1 CAMERA 1 71
72 1 0.74615500105751908 -0.17587933812141712 -0.45129049281212258 -0.45678886141872771 -0.49776359704991108 -2.5467155406041107 3.3159492683266154 1 CAMERA 1 72
73 1 0.51910486255693089 -0.18929487756357594 -0.66949728668209374 -0.49645843141521456 -0.58360665924474642 -2.6626842238483968 3.732902076664415 1 CAMERA 1 73
74 1 0.99319058186528442 0.11023514174705452 0.036499814900411778 0.0094045271194373517 0.24202653045171124 -1.4045677937749934 1.9564626003299999 1 CAMERA 1 74
75 1 0.62145131214716065 0.045276528836161303 0.35519215331222687 0.69684061075151482 0.48427389206031191 -0.5969531162679641 1.6743521989605046 1 CAMERA 1 75
76 1 0.29429602807987376 -0.040784905982874611 0.54823316478364215 0.78177160112892963 0.1304677721414457 -1.1941658315871537 1.8329788244706013 1 CAMERA 1 76
77 1 0.26542935283838498 -0.094769288066992571 0.69520455349517374 0.66125386160736166 0.11416524131458747 -2.0768259549696286 2.5014524908407498 1 CAMERA 1 77
78 1 0.94333376169469585 -0.29325782283063828 0.13407483635379661 0.07839133658939329 0.36842784670158746 -2.6835908415506529 3.6632705903989473 1 CAMERA 1 78
79 1 0.95231948238333719 -0.26817248265003568 0.12451708752232178 0.075276941605034675 0.36009954987881532 -2.6459395067560081 3.5269521076389161 1 CAMERA 1 79
80 1 0.92710323864012123 0.093662461096688632 -0.13908081339377579 -0.33520658649560486 -0.21044827870004598 -1.5202776932981434 2.0210379384482096 1 CAMERA 1 80
81 1 0.30061692755352393 -0.084559108653460599 0.64906934932787119 0.69367730233524694 0.15208491685403813 -1.8461108805006765 2.2795172056660884 1 CAMERA 1 81
82 1 0.024931421764712365 -0.037298886167041634 0.7388450806643968 0.6723802228482848 -0.17488137711216203 -2.1923168860814788 2.6381921328113696 1 CAMERA 1 82
83 1 0.95658087507587242 0.016816318048263487 0.17016752940688779 0.23603654975857868 0.48506891062361007 -1.6150126733334083 2.1313185411908462 1 CAMERA 1 83
84 1 0.43119707531837503 -0.15473370285731877 0.67336469444896685 0.58026420853486405 0.32088111041691603 -2.266398579654028 2.7566034417450731 1 CAMERA 1 84
85 1 0.95193970378946002 -0.10857500695705123 -0.15817800072656862 -0.2387508917253654 -0.1150584304915562 -2.36575048242132 2.8712230397083811 1 CAMERA 1 85
86 1 0.75993776913282818 -0.071452981559382955 -0.38736216168092541 -0.51704894755678144 -0.49882668570524219 -2.165087217711402 2.6586030610450879 1 CAMERA 1 86
87 1 0.85897787527036507 -0.10277343096843759 0.32713182890264403 0.38023597699559697 0.5789349595738208 -1.9509342922754214 2.4397637002092631 1 CAMERA 1 87
88 1 0.88278148166448089 0.0065980213549761777 -0.22975701201131768 -0.40971335977252954 -0.33166672865266356 -1.8900977632301699 2.3246568459320129 1 CAMERA 1 88
89 1 0.83762062940095872 -0.23658628751697736 -0.35248400685973763 -0.34376392287292223 -0.35622789250316123 -2.6805745800832264 3.6428985675865921 1 CAMERA 1 89
90 1 0.0029991674862235255 -0.031687883442022356 0.7600106963092339 0.64913066830408483 -0.19819829155737484 -2.3022873097885528 2.7883553167245529 1 CAMERA 1 90
91 1 0.46171566559033694 -0.21734036916052318 0.7068393108451736 0.48985711868417281 0.37670190037936729 -2.5574336097968304 3.2933043765139098 1 CAMERA 1 91
92 1 0.66786651652588436 -0.24761758177502616 0.55571442030348495 0.42874390067525259 0.54836832216797771 -2.4860782525915868 3.2055243884455917 1 CAMERA 1 92
93 1 -0.38098919767195116 0.05203552736063103 0.6298202944234691 0.67488216147851976 -0.5377510921648333 -2.1212576161069956 2.6178694923052301 1 CAMERA 1 93
94 1 0.46954753052946552 -0.21002279825742975 0.69578736829786847 0.50129380497162146 0.38037296998418424 -2.516729527673546 3.2036188447260923 1 CAMERA 1 94
95 1 0.73469663295525556 -0.27446609567852659 -0.48650002138274151 -0.38497655648336393 -0.48120130563989949 -2.7327906998908089 4.0041919549284071 1 CAMERA 1 95
96 1 0.50801960734119156 -0.17400158729098647 -0.66896794359236844 -0.51392744295563397 -0.58251552480050328 -2.6330214687173474 3.6166858947425169 1 CAMERA 1 96
97 1 -0.42421906064868364 0.15485783323219546 0.7270733017159825 0.51712827615669765 -0.56229174215992883 -2.6544887866464415 3.681488467727311 1 CAMERA 1 97
98 1 0.97975398244567691 0.19261535103118371 0.0097130020602903162 -0.053731908768878574 0.1669763023536921 -1.0237644208548342 1.7650550162306646 1 CAMERA 1 98
99 1 0.7358101628466529 0.14570016456978271 0.23923688487781547 0.61653919519352496 0.56687945658163219 -0.17318960097743849 1.628361153231684 1 CAMERA 1 99
100 1 0.98893593911979127 -0.098925787142871965 -0.04258055809015452 -0.10201123971480228 0.093535483364725003 -2.3088521273891929 2.7841647735217951 1 CAMERA 1 100
